-1.542311608791351318e-01
-9.619623422622680664e-02
2.461460977792739868e-01
3.148690238595008850e-02
-1.194474697113037109e-01
-1.537580192089080811e-01
1.272934377193450928e-01
-1.268618553876876831e-01
-7.355621550232172012e-03
1.299995779991149902e-01
3.018274903297424316e-01
1.193895041942596436e-01
5.766808614134788513e-02
-4.356754720211029053e-01
-1.562704890966415405e-01
-5.881941318511962891e-02
-3.757878672331571579e-03
9.574153274297714233e-02
1.490430813282728195e-02
-2.778724394738674164e-02
-4.219434782862663269e-02
-7.139828056097030640e-02
3.998697176575660706e-02
-8.173382957465946674e-04
1.754798740148544312e-02
-7.995226234197616577e-02
-1.938672922551631927e-02
-7.931530475616455078e-03
-1.060811430215835571e-01
-3.431773930788040161e-02
5.926918983459472656e-02
-9.174478799104690552e-02
-1.845605438575148582e-04
-1.466636955738067627e-01
3.943955060094594955e-03
2.946186065673828125e-02
4.828713834285736084e-02
5.311763659119606018e-02
2.768937684595584869e-02
-5.678337439894676208e-02
1.086464151740074158e-01
6.812002509832382202e-03
-2.012540996074676514e-01
1.315973252058029175e-01
9.678380936384201050e-02
-2.321048676967620850e-01
-5.906983278691768646e-03
-1.628400683403015137e-01
-1.269012838602066040e-01
-2.133708447217941284e-01
