2.962165474891662598e-01
1.022265627980232239e-01
1.799696534872055054e-01
-1.597642004489898682e-01
1.581146121025085449e-01
4.775392413139343262e-01
-1.004073582589626312e-02
2.510330677032470703e-01
-2.735046297311782837e-02
-4.698940217494964600e-01
-6.105077862739562988e-01
9.070242941379547119e-02
3.580113872885704041e-02
1.839590668678283691e-01
1.224895715713500977e-01
5.956253409385681152e-01
-2.375587671995162964e-01
-6.676000952720642090e-01
-1.949966996908187866e-01
1.919036805629730225e-01
