-1.235166937112808228e-01
-1.766026020050048828e-01
2.162796109914779663e-01
3.688240349292755127e-01
-6.334172189235687256e-02
-4.444438219070434570e-01
-3.321375846862792969e-01
-2.763174101710319519e-02
1.675919592380523682e-01
-7.896734029054641724e-02
2.532560192048549652e-02
5.099161714315414429e-02
-3.207670748233795166e-01
1.944360882043838501e-01
-9.791474044322967529e-02
-1.169080883264541626e-01
-8.719563484191894531e-02
-1.012966930866241455e-01
1.247534230351448059e-01
1.415611356496810913e-01
1.729876734316349030e-02
7.771289348602294922e-02
-7.062351796776056290e-03
1.071867346763610840e-01
-7.614608108997344971e-02
-9.085089713335037231e-02
3.224143758416175842e-02
1.737111657857894897e-01
1.140014007687568665e-01
-1.159961149096488953e-01
-7.665889710187911987e-02
-3.958277869969606400e-03
-9.216074645519256592e-02
1.159028559923171997e-01
-3.155711889266967773e-01
-3.344567418098449707e-01
-3.550187945365905762e-01
7.067371159791946411e-02
-5.334183201193809509e-02
-4.919025301933288574e-02
4.081815108656883240e-02
-1.165306866168975830e-01
-1.430765986442565918e-01
8.379708230495452881e-02
3.194111585617065430e-02
-1.689549684524536133e-01
-5.459212698042392731e-03
4.236154630780220032e-02
-1.115803793072700500e-02
9.105848520994186401e-02
