1.843106746673583984e-01
-3.058850765228271484e-01
-3.240040540695190430e-01
-8.072860538959503174e-02
-1.504413336515426636e-01
-1.166444197297096252e-01
1.043724343180656433e-01
-1.950773783028125763e-02
-8.015877008438110352e-02
-3.203182816505432129e-01
2.526143938302993774e-02
-2.805329263210296631e-01
-5.369075015187263489e-02
2.188115715980529785e-01
-2.030028849840164185e-01
-2.669492661952972412e-01
-2.328923046588897705e-01
-7.182068228721618652e-01
-3.804053068161010742e-01
-1.946602389216423035e-02
