3.960566222667694092e-01
-4.333151876926422119e-01
-3.393682464957237244e-02
-8.373324573040008545e-02
8.557167649269104004e-02
3.195096850395202637e-01
8.582580685615539551e-01
-1.869920045137405396e-01
-1.368521302938461304e-01
-5.203202366828918457e-01
-1.983724087476730347e-01
1.344557106494903564e-01
-1.815089434385299683e-01
1.032329723238945007e-01
2.959086000919342041e-01
-8.137537539005279541e-02
-6.164642423391342163e-02
-4.573809802532196045e-01
-5.866589024662971497e-02
1.964836753904819489e-02
