3.005307540297508240e-02
-7.429271936416625977e-02
4.517769515514373779e-01
1.505782455205917358e-01
-4.650358855724334717e-02
-1.662065088748931885e-01
6.113079376518726349e-03
2.107229642570018768e-02
-1.236980501562356949e-02
-1.767144072800874710e-03
1.041801944375038147e-01
1.056617870926856995e-01
-2.497151196002960205e-01
-6.512143462896347046e-02
2.233020365238189697e-01
-6.179246902465820312e-01
1.492594629526138306e-01
1.439862847328186035e-01
3.009266555309295654e-01
-7.057847380638122559e-01
5.901972949504852295e-02
-7.955448329448699951e-02
2.996528744697570801e-01
4.164386913180351257e-02
4.949051141738891602e-02
-9.696721285581588745e-02
1.087864711880683899e-01
-4.922184627503156662e-03
-7.185105234384536743e-02
-6.136089935898780823e-02
6.649199128150939941e-02
-1.239527985453605652e-01
9.774009883403778076e-02
2.539264410734176636e-02
4.290746152400970459e-01
-3.676914423704147339e-02
8.315546065568923950e-02
5.443495139479637146e-02
-7.398717403411865234e-01
-5.224385112524032593e-02
3.855875730514526367e-01
-1.830968074500560760e-02
3.499250411987304688e-01
7.602864503860473633e-02
1.200757175683975220e-01
2.550584264099597931e-02
5.776441842317581177e-02
-5.597387254238128662e-02
-1.179789006710052490e-01
-1.087233051657676697e-01
