1.597836315631866455e-01
1.472776383161544800e-01
-1.699563860893249512e-01
-9.861633926630020142e-02
1.637030690908432007e-01
4.459993913769721985e-02
6.886675953865051270e-02
-2.216299623250961304e-01
-8.170076608657836914e-01
-2.713724970817565918e-01
-3.200476467609405518e-01
-3.344052433967590332e-01
-1.192255765199661255e-01
-9.379783645272254944e-03
-2.102346271276473999e-01
1.096775159239768982e-01
5.767564475536346436e-02
-2.560620605945587158e-01
-5.521474480628967285e-01
3.660766780376434326e-02
-5.324759483337402344e-01
2.093886137008666992e-01
-1.228579640388488770e+00
3.353536725044250488e-01
2.408633381128311157e-01
-5.904077887535095215e-01
-1.042413353919982910e+00
-5.109779238700866699e-01
-1.979077905416488647e-01
-4.800111651420593262e-01
2.409144043922424316e-01
-2.460112981498241425e-02
-7.219196557998657227e-01
-1.047970890998840332e+00
2.861920297145843506e-01
8.599800989031791687e-03
-3.324220702052116394e-02
-1.236177515238523483e-02
-2.435297220945358276e-01
-7.196606136858463287e-03
1.339374203234910965e-02
-4.352659881114959717e-01
-2.716853022575378418e-01
2.563257217407226562e-01
-1.870006471872329712e-01
-1.136070024222135544e-02
-2.643884420394897461e-01
2.348604351282119751e-01
-2.236815914511680603e-02
1.395525783300399780e-01
