-2.282563447952270508e-01
-2.214825004339218140e-01
-2.032284438610076904e-01
-3.378295004367828369e-01
4.182138480246067047e-03
-2.870605587959289551e-01
-1.535400748252868652e-01
-6.468529999256134033e-02
-1.423817574977874756e-01
-1.679268549196422100e-03
1.635016314685344696e-02
-2.544626295566558838e-01
-1.384662538766860962e-01
-4.211130440235137939e-01
-5.985897183418273926e-01
-2.527074515819549561e-01
-1.463009715080261230e-01
-2.438874393701553345e-01
-3.784365057945251465e-01
-4.385071396827697754e-01
-5.175311565399169922e-01
-2.025420367717742920e-01
3.893221542239189148e-02
2.731760144233703613e-01
-4.806289076805114746e-01
-3.443442285060882568e-01
-2.886245548725128174e-01
1.957211643457412720e-01
-3.918136358261108398e-01
-2.605546116828918457e-01
-1.970705538988113403e-01
-1.917010545730590820e-01
-3.121321201324462891e-01
-6.306507587432861328e-01
-1.636460125446319580e-01
-3.975833058357238770e-01
-1.819421947002410889e-01
-3.293465673923492432e-01
-4.067952334880828857e-01
-3.063554167747497559e-01
-4.757067263126373291e-01
-2.560971379280090332e-01
1.309879869222640991e-01
1.201433613896369934e-01
2.185870893299579620e-02
-8.418219536542892456e-02
8.399961888790130615e-02
-2.792553603649139404e-01
-1.071788296103477478e-01
-3.571892380714416504e-01
