-5.949800014495849609e-01
-3.186012506484985352e-01
-1.298560351133346558e-01
2.462193071842193604e-01
1.276057958602905273e-01
-5.066786408424377441e-01
-6.991980075836181641e-01
5.532383322715759277e-01
-6.063425540924072266e-01
2.568272054195404053e-01
-1.196771562099456787e-01
-1.434066705405712128e-02
-8.068386465311050415e-02
7.097389101982116699e-01
-3.007946312427520752e-01
-3.697039484977722168e-01
8.314356952905654907e-02
-1.327665895223617554e-01
1.308234930038452148e-01
-3.791361348703503609e-03
7.498978078365325928e-02
6.652468442916870117e-02
8.139996230602264404e-02
1.480487287044525146e-01
-5.015001073479652405e-02
4.113958775997161865e-02
4.172454774379730225e-02
-1.334987282752990723e-01
-1.751773804426193237e-02
-6.946949958801269531e-01
-6.870389580726623535e-01
1.083887666463851929e-01
7.260246574878692627e-02
9.676578640937805176e-02
9.179707616567611694e-02
-8.894742131233215332e-01
-2.442894726991653442e-01
-5.845747590065002441e-01
-1.740448176860809326e-01
-6.538328528404235840e-01
-1.028372794389724731e-01
-2.587125599384307861e-01
-3.440064191818237305e-01
2.232637256383895874e-01
1.729187518358230591e-01
-1.478356868028640747e-01
4.491014778614044189e-01
2.290272116661071777e-01
-1.259716004133224487e-01
1.956645548343658447e-01
