-1.924101114273071289e-01
3.466954082250595093e-02
4.066903591156005859e-01
-1.353244185447692871e-01
9.235311299562454224e-02
3.177282214164733887e-01
6.415218859910964966e-02
-2.691976539790630341e-02
-6.215012669563293457e-01
1.716570369899272919e-02
9.323725104331970215e-02
9.734690934419631958e-02
1.278665661811828613e-01
-4.086567461490631104e-01
-6.822903752326965332e-01
-2.220748458057641983e-03
-2.939820662140846252e-02
9.915538132190704346e-02
-3.558268398046493530e-02
-5.255213379859924316e-01
1.618176251649856567e-01
1.068811267614364624e-01
1.314420700073242188e-01
2.511993944644927979e-01
3.260343894362449646e-02
-1.199959293007850647e-01
1.368752866983413696e-01
1.467991992831230164e-02
-8.838485926389694214e-02
-5.021644011139869690e-02
1.039835959672927856e-01
2.937004566192626953e-01
9.721847623586654663e-02
-9.332112222909927368e-02
2.446414232254028320e-01
-9.805114567279815674e-02
3.070964813232421875e-01
-1.311071813106536865e-01
-2.014667391777038574e-01
-6.435058712959289551e-01
1.032016947865486145e-01
7.448018342256546021e-02
-3.020589351654052734e-01
1.004156749695539474e-02
1.200749427080154419e-01
-7.060424685478210449e-01
-1.278733313083648682e-01
-4.135885834693908691e-02
-2.877049334347248077e-02
-9.603605605661869049e-03
