4.676315933465957642e-02
-2.254184335470199585e-01
-1.250642389059066772e-01
-2.602039873600006104e-01
1.046294812113046646e-02
-3.749392926692962646e-01
1.098659262061119080e-02
-1.283123493194580078e-01
-2.615938186645507812e-01
-7.820022851228713989e-02
-8.944722265005111694e-02
-2.834562957286834717e-01
-3.858998045325279236e-02
-2.176567316055297852e-01
6.443485617637634277e-02
-1.885965615510940552e-01
-2.010270208120346069e-02
4.110713303089141846e-01
9.782449156045913696e-02
1.997564174234867096e-02
4.001578316092491150e-03
-1.798067539930343628e-01
-1.257000714540481567e-01
3.005038499832153320e-01
3.838746249675750732e-02
-5.531889796257019043e-01
-2.183225303888320923e-01
-1.249961853027343750e-01
-4.008347392082214355e-01
5.376411974430084229e-02
-9.417006373405456543e-02
1.397169977426528931e-01
-2.342922091484069824e-01
-3.572037816047668457e-01
-1.394750475883483887e-01
1.257924288511276245e-01
4.606309533119201660e-02
1.373409032821655273e-01
1.481493860483169556e-01
2.556383311748504639e-01
-1.079872101545333862e-01
-3.459049761295318604e-02
-1.298455297946929932e-01
-5.822000559419393539e-03
-3.743694424629211426e-01
1.619891375303268433e-01
-3.446342051029205322e-01
2.510505318641662598e-01
-4.559279680252075195e-01
-2.140508145093917847e-01
