-7.200820744037628174e-02
1.108236890286207199e-02
-6.412388384342193604e-02
-9.009281173348426819e-03
1.922753639519214630e-02
-4.275877028703689575e-02
-8.376002311706542969e-02
3.292259946465492249e-02
-8.489298820495605469e-02
-5.286250729113817215e-03
-6.161896884441375732e-02
-2.392723411321640015e-02
5.661651492118835449e-02
-7.744323927909135818e-03
-1.793262064456939697e-01
-6.705041974782943726e-02
-1.699355244636535645e-01
1.346780080348253250e-02
6.555130332708358765e-02
-6.308440864086151123e-02
-1.379070896655321121e-02
-2.201860584318637848e-02
-2.133391099050641060e-03
-5.131522566080093384e-02
7.569325715303421021e-02
1.521307881921529770e-02
-2.236582338809967041e-02
1.473688287660479546e-03
1.559009682387113571e-02
3.851149603724479675e-02
-8.337633684277534485e-03
-8.352486044168472290e-02
-2.051231861114501953e-01
-1.458621677011251450e-02
2.767974510788917542e-02
1.316591054201126099e-01
-5.901423469185829163e-02
-5.198316276073455811e-02
-8.011939935386180878e-03
-6.444187462329864502e-02
-6.041220389306545258e-03
2.276726253330707550e-02
-2.111682146787643433e-01
-3.200048953294754028e-02
-3.741066530346870422e-02
-1.308579742908477783e-01
4.095404967665672302e-02
-5.533698573708534241e-02
-9.111299365758895874e-02
-5.016222223639488220e-02
