1.777534037828445435e-01
1.361267268657684326e-01
2.438699752092361450e-01
1.273683458566665649e-01
-1.676982827484607697e-02
-2.448316663503646851e-01
-3.830493688583374023e-01
-1.426476985216140747e-01
-4.783425033092498779e-01
5.388645082712173462e-02
1.549361646175384521e-01
2.755837142467498779e-01
-7.895973324775695801e-02
-2.148630470037460327e-01
-1.505452841520309448e-01
-6.854506209492683411e-03
-1.803599447011947632e-01
-9.283924102783203125e-02
4.758158326148986816e-02
8.862143009901046753e-02
7.072789967060089111e-02
-2.319081276655197144e-01
-2.656821012496948242e-01
2.674095146358013153e-02
1.820304542779922485e-01
-2.043418884277343750e-01
2.880202839151024818e-03
-1.998101770877838135e-01
4.611343890428543091e-02
-2.241579443216323853e-01
-2.105534672737121582e-01
-1.498173177242279053e-01
-1.401836723089218140e-01
1.576915830373764038e-01
-1.013518199324607849e-01
-4.024515151977539062e-01
2.439275756478309631e-02
-2.626788616180419922e-01
-2.861829102039337158e-01
-8.960623294115066528e-02
-1.505062133073806763e-01
-7.173567544668912888e-03
-3.230284452438354492e-01
5.202935338020324707e-01
7.258130609989166260e-02
3.749185800552368164e-02
-3.883177340030670166e-01
2.442630194127559662e-02
-2.030602395534515381e-01
-1.104788482189178467e-02
