1.045449823141098022e-01
1.012357622385025024e-01
-2.052741795778274536e-01
-6.441652774810791016e-02
-1.105692759156227112e-01
-1.414116322994232178e-01
-1.107226461172103882e-01
1.236876249313354492e-01
-3.111424297094345093e-02
-2.186307311058044434e-01
-1.374163329601287842e-01
-2.229499071836471558e-02
-4.957412928342819214e-02
-1.606981456279754639e-01
-5.534365028142929077e-02
1.230662688612937927e-01
-9.319856017827987671e-02
-3.341648727655410767e-02
-1.137785241007804871e-01
-8.115716278553009033e-02
-6.541547179222106934e-02
-1.890219748020172119e-02
-1.556506901979446411e-01
-1.170088350772857666e-01
1.681247800588607788e-01
-1.654508337378501892e-02
-1.057273671030998230e-01
6.937815248966217041e-02
-2.379446625709533691e-01
3.054023906588554382e-02
-1.497004181146621704e-01
-1.332226842641830444e-01
-3.932202756404876709e-01
-1.544505059719085693e-01
4.935739561915397644e-02
1.641577184200286865e-01
4.384146332740783691e-01
1.938874572515487671e-01
-1.509764939546585083e-01
-9.586730599403381348e-02
-1.919957548379898071e-01
-7.036502473056316376e-03
-2.185515016317367554e-01
6.950681656599044800e-02
-2.696664333343505859e-01
-9.768199920654296875e-02
-1.032846450805664062e+00
5.196999758481979370e-03
-2.000118494033813477e-01
-5.866016820073127747e-02
