-1.065560802817344666e-01
-1.609229296445846558e-01
-3.086575493216514587e-02
-9.195201843976974487e-02
1.453949660062789917e-01
-1.715673506259918213e-01
-6.680649518966674805e-01
4.290297329425811768e-01
2.169019132852554321e-01
1.729122921824455261e-02
2.615416646003723145e-01
-1.504274755716323853e-01
8.531063050031661987e-02
-1.859147474169731140e-02
-1.300669014453887939e-01
-1.286537796258926392e-01
7.810907810926437378e-02
1.525540202856063843e-01
-1.169594079256057739e-01
7.758872956037521362e-02
-3.204424167051911354e-03
2.529923617839813232e-02
-1.272047590464353561e-02
2.221711575984954834e-01
-3.563048318028450012e-02
-1.262887567281723022e-01
-1.988623887300491333e-01
-1.479622572660446167e-01
1.164939533919095993e-02
-3.523639440536499023e-01
-6.899621337652206421e-02
-2.453405857086181641e-01
1.209108158946037292e-01
-8.060840517282485962e-02
-6.634947061538696289e-01
-1.436259299516677856e-01
-2.345042228698730469e-01
-4.010134935379028320e-02
-6.049539521336555481e-02
-5.825815349817276001e-02
-1.275865584611892700e-01
-2.295586168766021729e-01
-1.472119539976119995e-01
1.822412759065628052e-01
3.255726397037506104e-01
-2.252967208623886108e-01
4.984611272811889648e-01
2.579130046069622040e-02
1.447153240442276001e-01
1.562981307506561279e-02
