-1.036847457289695740e-01
-2.739279568195343018e-01
6.654490251094102859e-03
1.366566866636276245e-01
-4.248440563678741455e-01
-4.682686552405357361e-02
3.011107742786407471e-01
1.706132106482982635e-02
-1.470655351877212524e-01
6.857164204120635986e-02
-1.655114144086837769e-01
-5.463841930031776428e-02
-1.718747913837432861e-01
3.072038292884826660e-02
-3.184075951576232910e-01
-1.121024787425994873e-01
-9.265657514333724976e-02
2.403397411108016968e-01
1.316818525083363056e-03
-3.031858801841735840e-01
-4.794640243053436279e-01
2.209912389516830444e-01
-1.093842759728431702e-01
-1.324699372053146362e-01
-1.826583296060562134e-01
6.005046144127845764e-02
-2.653391957283020020e-01
-1.606374830007553101e-01
-1.053587794303894043e-01
1.193310599774122238e-02
2.234880626201629639e-02
-1.322363317012786865e-01
-8.433520048856735229e-02
2.342724055051803589e-01
-8.057936094701290131e-03
-9.049873054027557373e-02
-1.110692322254180908e-01
-9.639849513769149780e-02
-3.699043393135070801e-01
6.687311083078384399e-02
3.550200909376144409e-02
3.406356275081634521e-02
8.630327880382537842e-02
-2.837892472743988037e-01
-1.565086096525192261e-01
-1.705436110496520996e-01
-3.395954668521881104e-01
2.777527868747711182e-01
2.773996889591217041e-01
-2.053729742765426636e-01
