-3.785995766520500183e-02
6.136193498969078064e-02
3.905755653977394104e-02
2.205203920602798462e-01
1.087264046072959900e-01
-1.045761257410049438e-02
4.241928458213806152e-02
-5.649821758270263672e-01
-9.578577429056167603e-02
8.466969430446624756e-02
2.123956829309463501e-01
-2.325241081416606903e-02
1.452856659889221191e-01
-1.954868137836456299e-01
-1.402237266302108765e-01
-1.821895316243171692e-02
1.263976395130157471e-01
1.327616255730390549e-02
-1.259581297636032104e-01
-4.117511212825775146e-02
1.313425302505493164e-01
6.328670680522918701e-02
6.624968349933624268e-02
8.964224159717559814e-02
-5.642178654670715332e-02
-1.128501668572425842e-01
-2.389146201312541962e-02
4.097575321793556213e-03
-1.818404495716094971e-01
-8.112687617540359497e-02
7.103232294321060181e-02
-2.591285295784473419e-02
-3.690701350569725037e-02
6.132360547780990601e-02
-1.443596631288528442e-01
-1.388593465089797974e-01
-2.193240262567996979e-02
-5.297107994556427002e-02
5.017660558223724365e-02
5.171988159418106079e-02
8.012955635786056519e-02
2.150971442461013794e-01
-9.845567494630813599e-02
-6.584164220839738846e-03
4.501718282699584961e-02
-4.541522860527038574e-01
1.592170745134353638e-01
-1.220894157886505127e-01
-2.821439690887928009e-02
-1.066283062100410461e-01
